 12058878, 
 -1011484075, 
 -224900728, 
 1792030449, 
 -1220780375, 
 214819848, 
 -1163906280, 
 -2126721028, 
 2056401630, 
 739080352, 
 981015809, 
 -801762909, 
 -1006151759, 
 -1578329748, 
 1224588562, 
 -1882853109, 
 -153224101, 
 474079255, 
 1552624098, 
 1184603060, 
 1582418509, 
 -1003266007, 
 -435169276, 
 -1965425002, 
 -1608398967, 
 1639152851, 
 -1645169032, 
 1780816775, 
 1965394477, 
 -472983829, 
 1958682212, 
 1852100831, 
 -221671088, 
 500995892, 
 -231634429, 
 -1023805602, 
 1639438097, 
 -1561159453, 
 -1384364324, 
 -2104690100, 
 1957621740, 
 521353310, 
 38180663, 
 1852526049, 
 802900815, 
 -391984570, 
 -1202981172, 
 -1613010969, 
 1244359021, 
 -1861288265, 
 2021684925, 
 1881480861, 
 -1336862127, 
 1232254158, 
 1284138182, 
 1200001502, 
 -777053643, 
 329581163, 
 601010611, 
 204210818, 
 -745300205, 
 164262967, 
 1200671505, 
 -87868412, 
 -736777348, 
 -496252440, 
 -1941054424, 
 547976293, 
 1156856489, 
 495301315, 
 -425285080, 
 -163789233, 
 -1523344945, 
 -1673965982, 
 1104314273, 
 -1798788740, 
 -1624866121, 
 1895658935, 
 870898488, 
 957812056, 
 -984233075, 
 1705840720, 
 -2058955369, 
 -1742341659, 
 -594362377, 
 2010053084, 
 -1055886683, 
 -1994663202, 
 833451881, 
 -1774699539, 
 -338079241, 
 -1668097761, 
 -687227721, 
 1978769407, 
 2118349445, 
 -134879677, 
 -1763550485, 
 -615129672, 
 1125776800, 
 -1439670642, 
